0.2869 0.2589
0.3986 0.9760
0.2636 0.8140
0.0068 0.1458
0.3275 0.2322
0.9324 0.7990
0.1658 0.0596
0.2136 0.2922
0.7951 0.4877
0.0536 0.1821
0.5458 0.0236
0.9358 0.5057
0.3463 0.2633
0.4277 0.9925
0.2118 0.0505
0.8311 0.7393
0.3445 0.8004
0.3342 0.3794
0.7515 0.2718
0.8217 0.2768
0.7863 0.5667
0.9993 0.7776
0.5204 0.6407
0.9893 0.0489
0.3517 0.1035
0.0526 0.5368
0.7549 0.5924
0.5945 0.5750
0.5806 0.4988
0.1092 0.1751
0.8106 0.3295
0.2210 0.5294
0.1729 0.4847
0.4765 0.2582
0.5258 0.7320
0.0456 0.9326
0.4146 0.1602
0.9866 0.9031
0.7094 0.8921
0.2325 0.9677
0.7286 0.3386
0.9533 0.9072
0.4528 0.4223
0.3503 0.5206
0.2537 0.5020
0.3773 0.5036
0.5291 0.7542
0.1288 0.4915
0.4782 0.7689
0.2051 0.7834
0.4520 0.5441
0.5499 0.4591
0.1326 0.8649
0.0400 0.0079
0.2980 0.3262
0.6064 0.9908
0.7030 0.8490
0.4280 0.5458
0.4106 0.3135
0.1573 0.3345
0.0772 0.3270
0.7430 0.7012
0.6001 0.9071
0.5033 0.0764
0.0319 0.3634
0.6082 0.1557
0.1692 0.1562
0.6258 0.8852
0.7209 0.0164
0.2900 0.7849
0.4635 0.1055
0.1442 0.6413
0.2883 0.4982
0.2186 0.1000
0.5477 0.7683
0.3976 0.1906
0.6068 0.9600
0.6316 0.3138
0.0060 0.7240
0.6520 0.7231
0.1412 0.9023
0.3438 0.0320
0.8681 0.3405
0.4325 0.7773
0.9363 0.2101
0.6420 0.5706
0.6599 0.6221
0.9798 0.8688
0.7305 0.8127
0.3044 0.8958
0.5793 0.6822
0.1940 0.9693
0.7447 0.1919
0.7970 0.8408
0.5357 0.2604
0.2917 0.1789
0.2824 0.0515
0.4691 0.8877
0.7724 0.7157
0.5367 0.2927
0.3534 0.7278
0.7810 0.7888
0.9463 0.4002
0.3544 0.7584
0.6035 0.8260
0.5977 0.3277
0.4138 0.5916
0.4547 0.0623
0.9897 0.4327
0.5004 0.3927
0.0756 0.5091
0.5757 0.3328
0.5162 0.1248
0.7538 0.2093
0.1959 0.5356
0.6044 0.8760
0.7223 0.8291
0.1865 0.7364
0.1302 0.4222
0.1082 0.4146
0.7514 0.4253
0.4921 0.1000
0.1305 0.1405
0.3151 0.1493
0.1563 0.3563
0.3446 0.3601
0.6356 0.5533
0.9363 0.7732
0.6228 0.5398
0.2517 0.6448
0.6263 0.4569
0.3679 0.7425
0.8486 0.6841
0.6864 0.7427
0.1155 0.6757
0.6513 0.2616
0.4534 0.5710
0.3556 0.4408
0.8154 0.4607
0.6158 0.3981
0.1703 0.3941
0.9072 0.8958
0.6019 0.2020
0.5450 0.6911
0.4119 0.2174
0.0629 0.7440
0.0974 0.5889
0.5431 0.8857
0.2671 0.3210
0.7885 0.3254
0.9140 0.9992
0.3441 0.5467
0.6117 0.7452
0.8176 0.3065
0.8475 0.3220
0.7446 0.0245
0.7849 0.4720
0.6989 0.0751
0.5121 0.7962
0.7809 0.9485
0.6836 0.4550
0.6385 0.8130
0.9597 0.4734
0.6779 0.5073
0.1523 0.9303
0.6194 0.4977
0.4806 0.8145
0.0562 0.8275
0.8460 0.8271
0.1703 0.5936
0.5293 0.9132
0.2639 0.9779
0.2190 0.8028
0.2605 0.3684
0.7753 0.3432
0.8339 0.5980
0.6373 0.9031
0.3195 0.8346
0.2786 0.6308
0.0659 0.1523
0.6179 0.8470
0.3814 0.3159
0.7912 0.3530
0.1914 0.9373
0.3543 0.6384
0.1819 0.8596
0.9150 0.9440
0.3904 0.5955
0.4151 0.9474
0.9880 0.6213
0.9532 0.2695
0.8629 0.5221
0.5289 0.1483
0.0905 0.2022
0.5347 0.5885
0.6106 0.4815
0.0934 0.9736
0.5149 0.8572
0.8981 0.1730
0.8521 0.7126
0.7089 0.6737
0.1660 0.7687
0.0112 0.9636
0.8021 0.2230
0.8302 0.1520
0.9963 0.8149
0.4628 0.2345
0.6080 0.6505
0.5555 0.3206
0.3521 0.4757
0.5638 0.1963
0.3543 0.5883
0.6389 0.1001
0.7661 0.4542
0.3250 0.4268
0.9221 0.7055
0.0330 0.0597
0.3250 0.8748
0.5405 0.0394
0.2326 0.5514
0.4946 0.6812
0.4301 0.6866
0.6193 0.5770
0.3489 0.8632
0.0347 0.2636
0.1880 0.5573
0.6409 0.3009
0.7459 0.1590
0.1063 0.9112
0.4370 0.8969
0.3285 0.3297
0.7480 0.7975
0.5263 0.8366
0.3159 0.4018
0.9177 0.6656
0.1846 0.8899
0.8362 0.7635
0.3254 0.1819
0.7388 0.4930
0.0093 0.6703
0.4171 0.1978
0.6610 0.7491
0.8701 0.3983
0.5005 0.5506
0.5780 0.7197
0.8513 0.6026
0.9626 0.3835
0.0881 0.1622
0.6082 0.0695
0.3756 0.6248
0.1611 0.8402
0.0185 0.0981
0.7326 0.5605
0.9581 0.3413
0.4210 0.4273
0.3727 0.0416
0.8264 0.6789
0.6034 0.5265
0.1104 0.8024
0.0038 0.6346
0.7350 0.4474
0.2488 0.5683
0.0204 0.5340
0.5956 0.7875
0.5843 0.6972
0.4870 0.3174
0.9708 0.8456
0.4095 0.5746
0.8937 0.2591
0.4299 0.3075
0.4318 0.5060
0.2870 0.3974
0.8131 0.5045
0.5768 0.5333
0.8055 0.0786
0.9449 0.9252
0.8384 0.2625
0.8204 0.1906
0.8445 0.4015
0.2386 0.5115
0.9155 0.8088
0.5291 0.6557
0.7998 0.1150
0.4673 0.3953
0.5218 0.3164
0.3863 0.8090
0.9229 0.1022
0.0356 0.5821
0.5128 0.0095
0.1548 0.8078
0.0950 0.4555
0.3265 0.4994
0.1907 0.2833
0.9538 0.4481
0.4112 0.7497
0.8530 0.2802
0.4201 0.7107
0.0574 0.2522
0.7924 0.8094
0.3122 0.2437
0.3258 0.3595
0.1893 0.0943
0.7434 0.3534
0.9309 0.3075
0.3558 0.6611
0.9433 0.3571
0.2690 0.7683
0.9817 0.4608
0.0486 0.8050
0.0715 0.4588
0.5041 0.4453
0.7946 0.5163
0.6768 0.8159
0.2447 0.7947
0.0119 0.1290
0.8602 0.7547
0.3005 0.9940
0.3642 0.0731
0.9399 0.7418
0.4299 0.0250
0.9391 0.5675
0.6652 0.6377
0.7802 0.1017
0.0395 0.3150
0.8304 0.9061
0.7257 0.0679
0.4599 0.7348
0.9380 0.6035
0.2049 0.8369
0.4425 0.1913
0.5384 0.3447
0.9972 0.4813
0.2373 0.2463
0.8012 0.8698
0.0323 0.8923
0.4117 0.6296
0.9265 0.8473
0.1597 0.9702
0.8794 0.8797
0.9466 0.2878
0.9018 0.8576
0.9650 0.1123
0.5803 0.9928
0.5337 0.0953
0.6208 0.7290
0.9030 0.7291
0.1765 0.6468
0.3224 0.0047
0.9855 0.6001
0.0901 0.8633
0.9190 0.2857
0.1057 0.8232
0.8269 0.7795
0.2314 0.8449
0.9030 0.1150
0.5755 0.6378
0.4174 0.7842
0.2520 0.5891
0.5222 0.8928
0.7611 0.2468
0.9251 0.7611
0.0193 0.1614
0.2267 0.3830
0.8742 0.9696
0.1304 0.3451
0.9940 0.5156
0.0046 0.5006
0.2499 0.4110
0.8922 0.1376
0.9168 0.9637
0.4576 0.6264
0.9572 0.4177
0.2758 0.4378
0.7124 0.6221
0.1466 0.9486
0.5076 0.1620
0.0264 0.9844
0.2049 0.4639
0.1297 0.0769
0.6688 0.5629
0.1291 0.6668
0.6597 0.1162
0.0074 0.3380
0.1801 0.3548
0.6201 0.2798
0.1894 0.4229
0.7084 0.3939
0.7128 0.1258
0.7906 0.5448
0.2419 0.9176
0.9760 0.2115
0.7709 0.3021
0.8158 0.6208
0.6605 0.7725
0.1485 0.2746
0.4636 0.7055
0.5195 0.0601
0.8255 0.4907
0.7897 0.6566
0.6091 0.3399
0.1558 0.7008
0.9616 0.5187
0.2486 0.0968
0.4809 0.6612
0.2558 0.1627
0.5786 0.7957
0.3762 0.9142
0.3240 0.5422
0.4881 0.5203
0.2998 0.3757
0.2776 0.5655
0.0744 0.8705
0.6906 0.5734
0.4912 0.7531
0.2789 0.1960
0.1736 0.9171
0.0943 0.3416
0.4325 0.6375
0.4396 0.8051
0.3239 0.7804
0.2953 0.8270
0.3837 0.4785
0.5479 0.3623
0.5830 0.4792
0.9650 0.9368
0.3760 0.5682
0.2028 0.7058
0.7030 0.4426
0.7147 0.6577
0.4731 0.9878
0.3785 0.4483
0.8743 0.1082
0.1184 0.7089
0.2946 0.8458
0.5079 0.4888
0.0125 0.2797
0.7495 0.6663
0.0172 0.9216
0.0533 0.4745
0.2089 0.1717
0.8060 0.7716
0.7618 0.3290
0.1866 0.1706
0.9827 0.5303
0.9234 0.1399
0.2922 0.9609
0.8925 0.6244
0.5650 0.2602
0.3474 0.8947
0.3432 0.6754
0.2992 0.1051
0.5403 0.5228
0.4693 0.5883
0.4253 0.9177
0.0529 0.3484
0.4752 0.1876
0.3410 0.2992
0.7168 0.9744
0.8744 0.7686
0.9652 0.2531
0.6885 0.6510
0.0531 0.8954
0.1095 0.4718
0.1065 0.6469
0.4468 0.3784
0.3141 0.1940
0.6590 0.0044
0.2768 0.9005
0.1061 0.5591
0.5903 0.0290
0.2780 0.5845
0.5663 0.9165
0.4808 0.9384
0.6271 0.3369
0.4991 0.7818
0.6894 0.5358
0.0295 0.9565
0.0425 0.2949
0.4636 0.0190
0.9566 0.7920
0.9916 0.1658
0.1535 0.6706
0.1448 0.7472
0.0617 0.6628
0.0544 0.0615
0.8050 0.2668
0.4576 0.8994
0.6367 0.9319
0.9404 0.4864
0.8734 0.9176
0.6537 0.0340
0.7191 0.2634
0.0984 0.8882
0.9257 0.3616
0.9809 0.7162
0.1070 0.5148
0.9393 0.0578
0.0205 0.1965
0.9188 0.1723
0.1370 0.6098
0.0988 0.7011
0.5512 0.0946
0.1716 0.0438
0.0033 0.4549
0.4357 0.0096
0.6704 0.2471
0.2247 0.4253
0.6871 0.3628
0.8006 0.7481
0.6559 0.5838
0.6405 0.0656
0.2591 0.0219
0.8434 0.1227
0.4931 0.8248
0.0014 0.7063
0.4809 0.7230
0.9572 0.6854
0.5188 0.2804
0.7626 0.8586
0.9131 0.3111
0.0709 0.5749
0.7008 0.4680
0.8240 0.2068
0.6842 0.3113
0.9409 0.9524
0.0280 0.4460
0.7708 0.9345
0.4206 0.4750
0.9390 0.6690
0.6027 0.4617
0.3119 0.7561
0.1082 0.4897
0.0571 0.6448
0.2358 0.2283
0.9715 0.0284
0.2156 0.1229
0.8712 0.4751
0.4414 0.9775
0.2570 0.6766
0.3799 0.6756
0.1939 0.0556
0.8262 0.2474
0.9975 0.6508
0.2623 0.2336
0.0063 0.8544
0.6331 0.3629
0.4083 0.9310
0.3779 0.3748
0.5809 0.7505
0.3075 0.5971
0.1745 0.3063
0.9263 0.1921
0.7114 0.7025
0.0839 0.3709
0.9855 0.4102
0.1580 0.4276
0.2530 0.2131
0.9335 0.8940
0.8132 0.4300
0.5739 0.5693
0.5728 0.2796
0.4464 0.2677
0.7889 0.9179
0.9975 0.4532
0.2694 0.8756
0.5862 0.1087
0.7907 0.6116
0.0921 0.6101
0.0767 0.6813
0.0791 0.1218
0.0150 0.0820
0.2812 0.1540
0.1283 0.6416
0.8286 0.0550
0.2220 0.9225
0.5761 0.2128
0.9744 0.3256
0.4061 0.5468
0.1246 0.4529
0.4158 0.2923
0.7773 0.1858
0.2503 0.0453
0.0847 0.8388
0.6556 0.4522
0.3995 0.7958
0.6440 0.2336
0.6750 0.1498
0.8972 0.9555
0.1268 0.2503
0.1226 0.0152
0.5961 0.2174
0.2964 0.1214
0.3894 0.5160
0.8990 0.0232
0.3266 0.5909
0.3152 0.0935
0.1940 0.6049
0.0275 0.8747
0.5168 0.5087
0.3842 0.1534
0.3128 0.9717
0.2675 0.2822
0.8016 0.7040
0.1946 0.9950
0.6553 0.2827
0.6978 0.6928
0.0902 0.9422
0.1804 0.8018
0.2751 0.3066
0.2702 0.2094
0.1327 0.1098
0.8954 0.6958
0.5740 0.4133
0.8091 0.3611
0.0716 0.7282
0.7592 0.3706
0.7687 0.8768
0.1472 0.5481
0.2386 0.8635
0.2983 0.8615
0.6800 0.8679
0.3714 0.1666
0.8422 0.1975
0.7872 0.1440
0.9165 0.9098
0.2162 0.2038
0.4341 0.0544
0.0894 0.3077
0.1497 0.2336
0.7647 0.0659
0.6267 0.2343
0.9919 0.1262
0.5269 0.1111
0.2029 0.2487
0.7095 0.5240
0.0482 0.4226
0.9370 0.1559
0.6874 0.6056
0.5799 0.1695
0.2670 0.6642
0.1674 0.5047
0.7063 0.7969
0.9324 0.3235
0.2004 0.5903
0.8771 0.0264
0.4652 0.7805
0.1516 0.3021
0.6579 0.9064
0.1491 0.7214
0.3444 0.0810
0.6338 0.0157
0.6461 0.9497
0.3853 0.7462
0.0409 0.3833
0.2294 0.9893
0.1683 0.8834
0.0085 0.6190
0.3152 0.7131
0.5514 0.2304
0.8968 0.2272
0.0618 0.3968
0.4273 0.0726
0.7925 0.7256
0.8264 0.4072
0.5302 0.2242
0.7301 0.1169
0.9179 0.8750
0.3133 0.0726
0.3806 0.7712
0.8156 0.8611
0.0999 0.5325
0.4504 0.1735
0.7006 0.1512
0.5016 0.3306
0.5041 0.2948
0.6121 0.2241
0.2991 0.0321
0.3864 0.8817
0.5669 0.9622
0.0302 0.7429
0.3174 0.5694
0.5525 0.9047
0.6660 0.9626
0.7275 0.7810
0.1396 0.3147
0.0725 0.0486
0.3203 0.0263
0.0680 0.9953
0.3285 0.6353
0.3403 0.2158
0.5182 0.6243
0.5644 0.7734
0.0021 0.1623
0.4019 0.2451
0.2309 0.1796
0.7015 0.9397
0.5552 0.5690
0.0791 0.2340
0.4297 0.8462
0.5853 0.2297
0.7794 0.2829
0.0117 0.5170
0.1636 0.5529
0.0773 0.2591
0.4537 0.1339
0.3925 0.9200
0.0295 0.5518
0.7310 0.3214
0.8488 0.2452
0.1603 0.6424
0.3978 0.0460
0.3559 0.9266
0.7022 0.3527
0.6469 0.9959
0.8492 0.3027
0.9091 0.2681
0.3268 0.6080
0.7205 0.5768
0.7408 0.6085
0.7515 0.1068
0.1194 0.0533
0.2163 0.6916
0.0533 0.6195
0.5961 0.7695
0.5223 0.9849
0.0971 0.7323
0.9949 0.9522
0.5968 0.3588
0.7490 0.7605
0.0480 0.1134
0.6272 0.7072
0.7929 0.4205
0.4650 0.3542
0.7058 0.8312
0.7010 0.4937
0.9887 0.1462
0.4619 0.5012
0.8713 0.4564
0.5208 0.4646
0.2272 0.5804
0.4606 0.9346
0.6280 0.9788
0.4619 0.7631
0.7571 0.4104
0.0623 0.2198
0.0613 0.1336
0.3853 0.4325
0.6159 0.6764
0.5511 0.8367
0.0754 0.5445
0.9499 0.0139
0.0916 0.1315
0.7656 0.9127
0.5152 0.3492
0.1040 0.0260
0.3311 0.8112
0.8580 0.7370
0.1016 0.3227
0.2552 0.5488
0.2592 0.2601
0.6437 0.4862
0.2208 0.0071
0.4644 0.9677
0.3618 0.3807
0.1201 0.8903
0.5449 0.7445
0.5052 0.9413
0.5891 0.9446
0.9793 0.0783
0.1502 0.3939
0.3659 0.3108
0.7791 0.0196
0.5999 0.7207
0.4945 0.9753
0.8519 0.9486
0.1912 0.7708
0.6081 0.0515
0.9803 0.6699
0.9132 0.5273
0.6834 0.2917
0.9766 0.4854
0.4804 0.5562
0.0147 0.1791
0.2091 0.3272
0.6824 0.4086
0.4967 0.3732
0.8759 0.2324
0.3275 0.9648
0.6572 0.6852
0.4016 0.0952
0.3854 0.8477
0.2951 0.3521
0.7777 0.8282
0.8442 0.3440
0.5500 0.2689
0.2436 0.9989
0.9738 0.9903
0.6262 0.6350
0.2946 0.4447
0.5782 0.1369
0.5650 0.0150
0.2498 0.0781
0.8972 0.3711
0.1262 0.9204
0.0913 0.2220
0.4873 0.4569
0.5379 0.9662
0.2470 0.4686
0.8280 0.5285
0.0377 0.3377
0.8774 0.6727
0.1677 0.9383
0.9203 0.4063
0.1388 0.8324
0.9662 0.2815
0.8986 0.5129
0.8655 0.1804
0.0443 0.6044
0.1252 0.7834
0.9194 0.4916
0.3986 0.6149
0.1361 0.5928
0.3799 0.1990
0.7452 0.9631
0.6396 0.4195
0.7508 0.9471
0.6799 0.3403
0.6642 0.9795
0.8482 0.4222
0.3344 0.9915
0.4505 0.4497
0.0077 0.0449
0.4018 0.2651
0.3633 0.0282
0.5007 0.8108
0.9138 0.5613
0.7434 0.2466
0.0875 0.4341
0.9949 0.2642
0.3124 0.8078
0.1067 0.0967
0.7690 0.6443
0.8948 0.4872
0.3344 0.9106
0.4725 0.4344
0.3609 0.5416
0.7962 0.0037
0.3909 0.0276
0.0292 0.9366
0.2218 0.7192
0.2290 0.6718
0.2263 0.0427
0.6013 0.5075
0.5274 0.5461
0.4892 0.9119
0.4856 0.4035
0.0163 0.2613
0.0064 0.7487
0.8365 0.3867
0.5232 0.5681
0.1216 0.7395
0.7622 0.7278
0.0643 0.4950
0.9615 0.5474
0.5497 0.6140
0.6182 0.2567
0.3444 0.9501
0.9665 0.6508
0.1957 0.8725
0.0924 0.6266
0.7213 0.1419
0.0681 0.5996
0.0351 0.4897
0.4164 0.3856
0.8682 0.8348
0.4352 0.4025
0.0665 0.4331
0.4933 0.1878
0.3562 0.7078
0.7441 0.8772
0.7065 0.1687
0.4522 0.0894
0.7665 0.7809
0.6636 0.5461
0.1094 0.0035
0.3237 0.1186
0.1622 0.8987
0.1314 0.4730
0.7293 0.4176
0.8359 0.0162
0.9761 0.5078
0.5008 0.2044
0.6014 0.8472
0.4166 0.7660
0.8532 0.9052
0.6851 0.9095
0.1858 0.5004
0.7299 0.2044
0.7422 0.3932
0.7033 0.3155
0.0163 0.0238
0.6788 0.9937
0.8548 0.4508
0.8331 0.5501
0.9448 0.3830
0.3883 0.9552
0.1243 0.5075
0.3759 0.3344
0.3175 0.2680
0.7885 0.3958
0.5685 0.8257
0.3019 0.6885
0.1668 0.6804
0.2094 0.3787
0.7610 0.0054
0.0963 0.6853
0.2485 0.9619
0.9307 0.2435
0.3244 0.1656
0.1723 0.7541
0.9053 0.2050
0.7572 0.5077
0.2520 0.8827
0.6885 0.9701
0.6999 0.2202
0.1797 0.1098
0.7164 0.7280
0.8333 0.9882
0.6608 0.1842
0.9919 0.5592
0.0126 0.3074
0.5961 0.2963
0.7404 0.5432
0.9220 0.3452
0.8718 0.7911
0.6629 0.0478
0.7515 0.5233
0.9176 0.6208
0.7868 0.0791
0.0107 0.8255
0.9478 0.1930
0.1855 0.8315
0.0980 0.9582
0.0801 0.0633
0.1972 0.6542
0.4470 0.9623
0.8069 0.2403
0.5576 0.1205
0.9231 0.0586
0.5693 0.7371
0.2211 0.3065
0.4707 0.2142
0.2895 0.0729
0.8527 0.8532
0.2148 0.4075
0.6964 0.1147
0.7825 0.2052
0.3300 0.6628
0.1971 0.1440
0.4244 0.2312
0.2669 0.1281
0.6083 0.6133
0.2433 0.0119
0.8904 0.4362
0.9330 0.0866
0.2917 0.7049
0.7974 0.0474
0.5556 0.4902
0.7862 0.6871
0.5015 0.8383
0.9346 0.0088
0.5585 0.1792
0.4061 0.7275
0.4503 0.6419
0.2125 0.6683
0.7739 0.5268
0.0464 0.7653
0.2712 0.8568
0.4258 0.1170
0.5894 0.5961
0.3965 0.3900
0.2697 0.0769
0.9936 0.0068
0.8113 0.5710
0.8385 0.6412
0.2608 0.0017
0.4307 0.3369
0.8503 0.3632
0.0008 0.8802
0.5587 0.6313
0.9747 0.8051
0.8515 0.5853
0.0841 0.7520
0.9592 0.0914
0.7749 0.5100
0.4008 0.0019
0.9409 0.0351
0.5419 0.7099
0.6241 0.1663
0.4787 0.0449
